%YAML:1.0
R: !!opencv-matrix
   rows: 3
   cols: 3
   dt: d
   data: [ 9.9975845099230731e-001, 5.2938875802656729e-003,
       -2.1331067102932384e-002, -4.9129099556135640e-003,
       9.9982819095220898e-001, 1.7873217197841552e-002,
       2.1422021035148116e-002, -1.7764102328029267e-002,
       9.9961269183781820e-001 ]
T: !!opencv-matrix
   rows: 3
   cols: 1
   dt: d
   data: [ -3.3385294685525078e+000, 4.8752222149922100e-002,
       -1.0621612775251094e-001 ]
R1: !!opencv-matrix
   rows: 3
   cols: 3
   dt: d
   data: [ 9.9989926261611584e-001, -9.8656327049997748e-003,
       1.0204602445852804e-002, 9.7747186681114984e-003,
       9.9991243188225853e-001, 8.9209552328822720e-003,
       -1.0291719715729682e-002, -8.8203094411622267e-003,
       9.9990813710393167e-001 ]
R2: !!opencv-matrix
   rows: 3
   cols: 3
   dt: d
   data: [ 9.9938783533145858e-001, -1.4593963666023592e-002,
       3.1795767265726006e-002, 1.4875488104316194e-002,
       9.9985206173729402e-001, -8.6356524559966993e-003,
       -3.1665035056980088e-002, 9.1033435724022539e-003,
       9.9945707996423894e-001 ]
P1: !!opencv-matrix
   rows: 3
   cols: 4
   dt: d
   data: [ 4.2656306659830898e+002, 0., 3.2185713195800781e+002, 0., 0.,
       4.2656306659830898e+002, 2.4122907447814941e+002, 0., 0., 0., 1.,
       0. ]
P2: !!opencv-matrix
   rows: 3
   cols: 4
   dt: d
   data: [ 4.2656306659830898e+002, 0., 3.2185713195800781e+002,
       -1.4249656816787883e+003, 0., 4.2656306659830898e+002,
       2.4122907447814941e+002, 0., 0., 0., 1., 0. ]
Q: !!opencv-matrix
   rows: 4
   cols: 4
   dt: d
   data: [ 1., 0., 0., -3.2185713195800781e+002, 0., 1., 0.,
       -2.4122907447814941e+002, 0., 0., 0., 4.2656306659830898e+002, 0.,
       0., 2.9934971212483108e-001, 0. ]
