%YAML:1.0
M1: !!opencv-matrix
   rows: 3
   cols: 3
   dt: d
   data: [ 5.3471330014346347e+002, 0., 3.3513862534087320e+002, 0.,
       5.3471330014346347e+002, 2.4020611211635727e+002, 0., 0., 1. ]
D1: !!opencv-matrix
   rows: 1
   cols: 8
   dt: d
   data: [ -2.7456948644503198e-001, -1.8313659559663579e-002, 0., 0.,
       0., 0., 0., -2.4476896017962485e-001 ]
M2: !!opencv-matrix
   rows: 3
   cols: 3
   dt: d
   data: [ 5.3471330014346347e+002, 0., 3.3401539789597081e+002, 0.,
       5.3471330014346347e+002, 2.4159046721718769e+002, 0., 0., 1. ]
D2: !!opencv-matrix
   rows: 1
   cols: 8
   dt: d
   data: [ -2.8073637368929361e-001, 9.3010333967888451e-002, 0., 0., 0.,
       0., 0., 1.6329629644030882e-002 ]
